705	2
601	0
530	1
91	1
100	1
214	2
63	1
569	1
307	2
224	2
512	1
385	0
650	2
172	1
665	0
62	1
546	2
753	0
667	2
135	0
313	2
636	2
423	2
445	2
165	0
428	2
509	2
108	1
587	2
766	2
432	2
644	1
331	2
492	1
8	1
345	2
15	1
609	1
414	2
671	2
79	1
106	1
503	2
755	1
142	2
434	2
67	1
637	0
752	0
97	1
561	1
455	2
801	1
580	2
630	1
273	2
527	1
449	0
64	2
678	2
371	2
325	2
185	2
474	2
430	2
459	2
223	1
360	2
592	2
45	0
333	2
278	2
574	2
285	1
616	2
549	1
316	2
790	1
276	2
696	0
480	1
476	2
563	0
304	2
240	1
420	2
314	2
582	2
194	0
350	1
56	1
507	1
175	0
606	0
29	1
5	1
144	2
497	2
581	2
673	2
760	2
319	2
369	2
395	2
358	2
179	0
586	2
366	2
534	0
775	2
222	1
488	2
186	0
233	2
672	2
98	1
441	2
685	1
408	2
648	2
212	0
77	1
120	1
157	1
496	0
176	1
506	2
464	0
126	0
619	1
374	2
568	1
389	2
317	2
49	1
393	2
550	1
421	2
562	1
689	2
267	2
141	2
355	0
218	2
565	1
460	0
190	1
714	1
647	1
756	2
227	1
670	0
396	2
646	0
21	2
162	0
727	2
131	0
570	1
121	1
66	1
500	2
649	2
243	1
472	2
375	2
442	2
195	0
473	0
216	0
518	2
196	0
210	2
329	2
526	0
356	2
621	1
495	2
201	0
207	2
320	1
489	2
173	1
82	2
529	1
594	1
566	0
40	0
470	2
602	0
676	2
708	2
504	2
156	1
31	1
415	1
52	2
323	2
93	1
704	2
37	1
152	1
418	1
701	2
682	2
628	2
239	2
577	1
12	1
50	0
406	2
65	1
168	0
109	1
244	0
118	2
160	0
39	1
76	1
170	0
301	1
337	2
779	2
532	1
104	1
367	2
0	0
132	0
573	1
338	2
42	1
232	1
487	0
30	1
287	2
452	1
300	2
234	1
416	1
299	1
674	2
14	1
119	1
242	0
575	1
596	0
515	2
188	1
774	0
88	1
92	1
180	1
556	1
658	2
759	2
401	1
99	1
279	2
260	2
349	2
457	2
426	1
96	2
407	2
327	2
436	1
483	2
138	1
46	1
9	1
638	1
558	2
19	0
726	2
478	2
762	2
702	2
521	1
95	1
572	1
536	1
171	0
346	2
419	1
35	1
283	2
71	2
422	1
380	2
652	2
618	1
159	0
439	2
167	0
83	1
43	1
113	1
645	2
332	2
514	1
18	1
69	1
364	2
427	2
402	2
229	2
564	1
468	2
53	1
593	0
68	1
471	2
412	2
220	0
78	1
199	1
36	1
501	2
368	2
169	1
340	0
403	2
34	1
519	2
116	1
517	2
255	1
318	2
390	2
513	2
770	2
372	0
310	1
150	1
404	2
776	2
107	1
614	1
560	2
60	2
493	0
198	1
687	0
690	2
130	0
228	1
567	1
467	2
537	1
308	1
166	0
177	1
679	2
511	2
661	1
625	1
793	0
677	2
520	1
231	2
552	2
122	2
761	2
533	1
221	0
136	0
117	1
110	1
103	1
334	2
270	2
245	1
771	2
447	2
669	2
620	2
653	2
590	1
246	0
524	1
341	2
413	2
154	1
479	0
309	2
28	2
226	2
75	1
94	1
510	0
296	1
342	2
485	1
498	2
139	1
363	1
209	0
58	1
26	2
448	2
306	2
462	2
686	1
711	2
392	1
410	2
183	0
710	2
440	2
461	2
555	0
181	0
516	0
431	2
424	2
505	1
777	2
391	2
699	2
155	1
322	2
754	2
622	1
450	2
61	1
102	1
763	2
778	2
772	1
798	1
127	2
768	2
583	2
33	1
502	0
373	2
146	2
105	1
717	2
359	0
522	1
112	1
429	2
280	1
38	1
757	2
386	1
16	1
544	1
376	1
365	2
634	0
25	1
703	1
547	1
668	2
706	1
361	2
80	0
164	0
249	1
174	2
328	1
277	1
353	0
641	1
225	2
657	2
206	1
538	1
610	1
796	0
635	1
344	2
591	1
794	1
213	0
435	0
286	1
623	0
664	0
553	2
248	0
773	1
388	2
490	2
767	2
148	0
27	2
215	2
626	1
70	1
585	2
595	1
453	1
87	1
627	0
494	1
681	2
683	0
384	2
680	2
59	1
475	0
542	1
351	2
89	1
528	2
205	0
208	0
446	0
639	1
466	2
660	0
2	0
348	1
425	2
114	1
193	0
230	2
187	0
143	2
437	0
312	2
541	1
444	2
321	0
191	0
499	0
781	1
543	1
44	0
758	2
525	0
484	2
47	2
145	2
90	1
579	1
125	0
463	2
20	0
288	1
4	1
394	2
697	0
200	0
302	2
293	1
133	0
666	2
611	1
357	2
584	1
597	1
271	2
211	1
256	0
347	2
662	2
469	1
10	1
523	2
57	0
129	1
51	0
539	1
764	0
13	0
451	2
640	0
576	1
540	1
370	2
607	1
111	0
482	1
624	0
6	1
477	2
124	0
397	2
73	1
72	1
235	2
405	2
86	1
651	2
184	0
691	1
297	1
379	0
11	0
417	0
535	1
481	1
123	1
55	1
324	2
217	0
161	0
600	2
326	2
343	0
3	0
238	0
134	0
203	0
163	0
362	2
486	0
491	2
589	1
598	2
291	2
115	1
182	1
383	2
605	1
22	1
204	0
81	2
642	2
631	0
281	0
74	1
675	0
571	1
339	2
335	2
551	1
411	2
531	2
298	1
588	1
548	2
84	1
192	2
409	2
147	0
303	2
311	0
41	1
330	2
189	0
508	0
236	0
54	0
382	0
48	2
617	1
716	2
712	1
578	1
381	0
237	1
149	1
780	2
101	0
7	0
554	1
603	1
202	0
1	0
707	0
698	1
400	0
151	2
557	1
128	0
378	2
643	2
197	2
615	0
284	0
613	1
654	0
633	1
559	1
387	1
545	1
599	1
254	0
140	0
352	1
659	1
219	0
158	0
438	0
137	1
604	1
247	0
23	1
612	0
336	1
178	1
282	1
315	1
632	0
656	0
292	1
17	1
433	0
24	1
85	1
769	2
241	0
465	0
458	0
608	0
354	0
765	0
709	1
629	0
251	0
32	1
290	0
684	0
456	0
454	0
377	0
655	1
443	0
663	0
272	1
715	0
289	0
