705	1
601	0
530	2
91	2
100	2
214	1
63	2
569	2
307	1
224	1
512	2
385	0
650	1
172	2
665	0
62	2
546	1
753	0
667	1
135	0
313	1
636	1
423	1
445	1
165	0
428	1
509	1
108	2
587	1
766	1
432	1
644	2
331	1
492	2
8	2
345	1
15	2
609	2
414	1
671	1
79	2
106	2
503	1
755	2
142	1
434	1
67	2
637	0
752	0
97	2
561	2
455	1
801	2
580	1
630	2
273	1
527	2
449	0
64	1
678	1
371	1
325	1
185	1
474	1
430	1
459	1
223	2
360	1
592	1
45	0
333	1
278	1
574	1
285	2
616	1
549	2
316	1
790	2
276	1
696	0
480	2
476	1
563	0
304	1
240	2
420	1
314	1
582	1
194	0
350	2
56	2
507	2
175	0
606	0
29	2
5	2
144	1
497	1
581	1
673	1
760	1
319	1
369	1
395	1
358	1
179	0
586	2
366	1
534	0
775	1
222	2
488	1
186	0
233	1
672	1
98	2
441	1
685	2
408	1
648	1
212	0
77	2
120	2
157	2
496	0
176	2
506	1
464	0
126	0
619	2
374	1
568	2
389	1
317	1
49	2
393	1
550	2
421	1
562	2
689	1
267	1
141	1
355	0
218	1
565	2
460	0
190	2
714	2
647	2
756	1
227	2
670	0
396	1
646	0
21	1
162	0
727	1
131	0
570	2
121	2
66	2
500	1
649	1
243	2
472	1
375	1
442	1
195	0
473	0
216	0
518	1
196	0
210	1
329	1
526	0
356	1
621	2
495	1
201	0
207	1
320	2
489	1
173	2
82	1
529	2
594	2
566	0
40	0
470	1
602	0
676	1
708	1
504	1
156	2
31	2
415	2
52	1
323	1
93	2
704	1
37	2
152	2
418	2
701	1
682	1
628	1
239	1
577	2
12	2
50	0
406	1
65	2
168	0
109	2
244	0
118	1
160	0
39	2
76	2
170	0
301	2
337	1
779	1
532	2
104	2
367	1
0	0
132	0
573	2
338	1
42	2
232	2
487	0
30	2
287	1
452	2
300	1
234	2
416	2
299	2
674	1
14	2
119	2
242	0
575	2
596	0
515	1
188	2
774	0
88	2
92	2
180	2
556	2
658	1
759	1
401	2
99	2
279	1
260	1
349	1
457	1
426	2
96	1
407	1
327	1
436	2
483	1
138	2
46	2
9	2
638	2
558	1
19	0
726	1
478	1
762	1
702	1
521	2
95	2
572	2
536	2
171	0
346	1
419	2
35	2
283	1
71	1
422	2
380	1
652	1
618	2
159	0
439	1
167	0
83	2
43	2
113	2
645	1
332	1
514	2
18	2
69	2
364	1
427	1
402	1
229	1
564	2
468	1
53	2
593	0
68	2
471	1
412	1
220	0
78	2
199	2
36	2
501	1
368	1
169	2
340	0
403	1
34	2
519	1
116	2
517	1
255	2
318	1
390	1
513	1
770	1
372	0
310	2
150	2
404	1
776	1
107	2
614	2
560	1
60	1
493	0
198	2
687	0
690	1
130	0
228	2
567	2
467	1
537	2
308	2
166	0
177	2
679	1
511	1
661	2
625	2
793	0
677	1
520	2
231	1
552	1
122	1
761	1
533	2
221	0
136	0
117	2
110	2
103	2
334	1
270	1
245	2
771	1
447	1
669	1
620	1
653	1
590	2
246	0
524	2
341	1
413	1
154	2
479	0
309	1
28	1
226	1
75	2
94	2
510	0
296	2
342	1
485	2
498	1
139	2
363	2
209	0
58	2
26	1
448	1
306	1
462	1
686	2
711	1
392	2
410	1
183	0
710	1
440	1
461	1
555	0
181	0
516	0
431	1
424	1
505	2
777	1
391	1
699	1
155	2
322	1
754	1
622	2
450	1
61	2
102	2
763	1
778	1
772	2
798	2
127	1
768	1
583	1
33	2
502	0
373	1
146	1
105	2
717	1
359	0
522	2
112	2
429	1
280	2
38	2
757	1
386	2
16	2
544	2
376	2
365	1
634	0
25	2
703	2
547	2
668	1
706	2
361	1
80	0
164	0
249	2
174	1
328	2
277	2
353	0
641	2
225	1
657	1
206	2
538	2
610	2
796	0
635	2
344	1
591	2
794	2
213	0
435	0
286	2
623	0
664	0
553	1
248	0
773	2
388	1
490	1
767	1
148	0
27	1
215	1
626	2
70	2
585	2
595	2
453	2
87	2
627	0
494	2
681	1
683	0
384	1
680	1
59	2
475	0
542	2
351	1
89	2
528	1
205	0
208	0
446	0
639	2
466	1
660	0
2	0
348	2
425	1
114	2
193	0
230	1
187	0
143	1
437	0
312	1
541	2
444	1
321	0
191	0
499	0
781	2
543	2
44	0
758	1
525	0
484	1
47	1
145	1
90	2
579	2
125	0
463	1
20	0
288	2
4	2
394	1
697	0
200	0
302	2
293	2
133	0
666	1
611	2
357	1
584	2
597	2
271	1
211	2
256	0
347	1
662	1
469	2
10	2
523	1
57	0
129	2
51	0
539	2
764	0
13	0
451	1
640	0
576	2
540	2
370	1
607	2
111	0
482	2
624	0
6	2
477	1
124	0
397	1
73	2
72	2
235	1
405	1
86	2
651	1
184	0
691	2
297	2
379	0
11	0
417	0
535	2
481	2
123	2
55	2
324	1
217	0
161	0
600	1
326	1
343	0
3	0
238	0
134	0
203	0
163	0
362	1
486	0
491	1
589	2
598	1
291	1
115	2
182	2
383	1
605	2
22	2
204	0
81	1
642	1
631	0
281	0
74	2
675	0
571	2
339	1
335	1
551	2
411	1
531	1
298	2
588	2
548	1
84	2
192	1
409	1
147	0
303	1
311	0
41	2
330	1
189	0
508	0
236	0
54	0
382	0
48	1
617	2
716	1
712	2
578	2
381	0
237	2
149	2
780	1
101	0
7	0
554	2
603	2
202	0
1	0
707	0
698	2
400	0
151	1
557	2
128	0
378	1
643	1
197	1
615	0
284	0
613	2
654	0
633	2
559	2
387	2
545	2
599	2
254	0
140	0
352	2
659	2
219	0
158	0
438	0
137	2
604	2
247	0
23	2
612	0
336	2
178	2
282	2
315	2
632	0
656	0
292	2
17	2
433	0
24	2
85	2
769	1
241	0
465	0
458	0
608	0
354	0
765	0
709	2
629	0
251	0
32	2
290	0
684	0
456	0
454	0
377	0
655	2
443	0
663	0
272	2
715	0
289	0
